-1.311310009589158332e+00
-1.581399994309839130e+00
-3.308931099563261480e-03
-1.311271639392107335e+00
-1.581342596762554287e+00
-3.395316800863495965e-03
-1.311229204673635573e+00
-1.581272803543494199e+00
-3.465041604757412852e-03
-1.311182139672035118e+00
-1.581150857777985141e+00
-3.523114911569896757e-03
-1.311130000867087197e+00
-1.580962058801139491e+00
-3.573245632807475758e-03
-1.311072312349919722e+00
-1.580706036165375750e+00
-3.618023383083784905e-03
-1.311008529864455374e+00
-1.580381780203290010e+00
-3.659029640361244340e-03
-1.310938036432109932e+00
-1.579987495859405122e+00
-3.696987924108691148e-03
-1.310860140235919680e+00
-1.579520820960036875e+00
-3.731942469515553418e-03
-1.310774073051581334e+00
-1.578979097123819342e+00
-3.763454636535795705e-03
-1.310678987827365471e+00
-1.578359664326358658e+00
-3.790807026478271169e-03
-1.310573954358634552e+00
-1.577660152360517820e+00
-3.813202849317742782e-03
-1.310457952347251931e+00
-1.576878741268470829e+00
-3.829946949239659837e-03
-1.310329861457841361e+00
-1.576014364436051807e+00
-3.840595533966650876e-03
-1.310188448290728225e+00
-1.575066832850706477e+00
-3.845063913757051921e-03
-1.310032350492305264e+00
-1.574036866818940616e+00
-3.843685079420067208e-03
-1.309860058502411606e+00
-1.572926031394300983e+00
-3.837216268088639026e-03
-1.309669895654365313e+00
-1.571736582550539607e+00
-3.826795279871481048e-03
-1.309459997442046664e+00
-1.570471241173105881e+00
-3.813852743930867817e-03
-1.309228290703402964e+00
-1.569132919770028112e+00
-3.799990381494477987e-03
-1.308972473224159438e+00
-1.567724431383599182e+00
-3.786838251833457569e-03
-1.308689993865633339e+00
-1.566248211103025811e+00
-3.775905756622899290e-03
-1.308378032834570881e+00
-1.564706078063575312e+00
-3.768441662211324816e-03
-1.308033481235854723e+00
-1.563099060593759804e+00
-3.765317507046145318e-03
-1.307652918677832954e+00
-1.561427300206838842e+00
-3.766946518578062619e-03
-1.307232541179027763e+00
-1.559690042359317852e+00
-3.773246711129357722e-03
-1.306768938798409829e+00
-1.557885714665639076e+00
-3.783652433123813053e-03
-1.306257074142176622e+00
-1.556012082493863913e+00
-3.797173843219592282e-03
-1.305692406838177888e+00
-1.554066477604035601e+00
-3.812498395164343190e-03
-1.305069976824978939e+00
-1.552046059219876817e+00
-3.828124497717244612e-03
-1.304384370393985693e+00
-1.549948103661334953e+00
-3.842513810019487774e-03
-1.303629689700692484e+00
-1.547770284092149451e+00
-3.854246777680536695e-03
-1.302799519940285977e+00
-1.545510913661428454e+00
-3.862165639929998617e-03
-1.301886894370362091e+00
-1.543169126076749498e+00
-3.865490554701644932e-03
-1.300884257953925482e+00
-1.540744973277618612e+00
-3.863897377597763638e-03
-1.299783430698232101e+00
-1.538239428499566186e+00
-3.857549628403567077e-03
-1.298575571969020181e+00
-1.535654293577397356e+00
-3.847081819062764252e-03
-1.297251147161240015e+00
-1.532992020386538146e+00
-3.833536108895835293e-03
-1.295799898095616909e+00
-1.530255466251496665e+00
-3.818258741089319841e-03
-1.294210818387987239e+00
-1.527447610527197686e+00
-3.802766515236505329e-03
-1.292470798583292835e+00
-1.524682348570871371e+00
-3.788674845641132327e-03
-1.290658670901092986e+00
-1.521923778550020590e+00
-3.777419885192312421e-03
-1.288294311055526942e+00
-1.514150540187087168e+00
-3.769825536597021243e-03
-1.285687663035544048e+00
-1.501666710361303725e+00
-3.766360538872026709e-03
-1.283065921629165773e+00
-1.484419071985127792e+00
-3.767746631398671830e-03
-1.281676519677944492e+00
-1.467469849158103967e+00
-3.774961495987133597e-03
-1.279326379715259643e+00
-1.445306112539531229e+00
-3.785234510080032200e-03
-1.278081807811185300e+00
-1.423473999069759799e+00
-3.799507568783416778e-03
-1.276656917329082708e+00
-1.401551609335182969e+00
-3.815291018907124299e-03
-1.274887122224492186e+00
-1.374360168490563083e+00
-3.830151440181284173e-03
-1.273887648875384970e+00
-1.347484094728812698e+00
-3.844404911762411281e-03
-1.272303179479974622e+00
-1.318749187330862771e+00
-3.855525847296786823e-03
-1.271499379621399584e+00
-1.291031608262712682e+00
-3.862949816751781729e-03
-1.270513441745104055e+00
-1.263551669635064156e+00
-3.865567364110755744e-03
-1.269389077035474767e+00
-1.236311862905540071e+00
-3.863133742453950248e-03
-1.268143761359499910e+00
-1.209312761746387022e+00
-3.855965949578071816e-03
-1.267451309392624736e+00
-1.180545023007279370e+00
-3.844841251424729878e-03
-1.266741847931741827e+00
-1.151762177613585791e+00
-3.830851939805174355e-03
-1.266262484630952256e+00
-1.123584049862522694e+00
-3.815512741127985441e-03
-1.265593744134161369e+00
-1.095639308404198875e+00
-3.800344438922798052e-03
-1.265108744335396329e+00
-1.066844415425375558e+00
-3.786803669124289007e-03
-1.264669092966888453e+00
-1.038580203480911734e+00
-3.776141099385510458e-03
-1.264271957925884315e+00
-1.009783520901506026e+00
-3.769647424073874209e-03
-1.263853507457371350e+00
-9.814961200894383175e-01
-3.767763916430966198e-03
-1.263285739682516340e+00
-9.534751291725716005e-01
-3.770859332306475409e-03
-1.263113919781072569e+00
-9.246793784720351850e-01
-3.778548460718206270e-03
-1.262939320564090639e+00
-8.958792270370078414e-01
-3.789993729916396603e-03
-1.262761414570861440e+00
-8.670788224386912768e-01
-3.804173767379098736e-03
-1.262581460859902416e+00
-8.382799145428830867e-01
-3.819633622317575306e-03
-1.262400964995640917e+00
-8.094871281454872891e-01
-3.834816425210024748e-03
-1.262220288650708344e+00
-7.807005610559463182e-01
-3.848202937785316635e-03
-1.262039716229931496e+00
-7.519209333241251292e-01
-3.858456420374190010e-03
-1.261695742054455893e+00
-7.236197343513353086e-01
-3.864503983327743919e-03
-1.261592814340470214e+00
-6.948496012776356201e-01
-3.865925064564817992e-03
-1.261488127038530527e+00
-6.660777850800478905e-01
-3.862344887633761825e-03
-1.261379861383620016e+00
-6.373027769961816524e-01
-3.854257137633709807e-03
-1.261268091168019190e+00
-6.085217516508641955e-01
-3.842451560429199775e-03
-1.261153350508011028e+00
-5.797326929422796926e-01
-3.828099868362300207e-03
-1.261036753761185958e+00
-5.509365630954374815e-01
-3.812631441382330344e-03
-1.260919360084526541e+00
-5.221350952948170532e-01
-3.797587818446523933e-03
-1.260801925844057259e+00
-4.933296426016301472e-01
-3.784468767958182323e-03
-1.260685410616177116e+00
-4.645230103079220907e-01
-3.774583208224380204e-03
-1.260570342942275879e+00
-4.357177365108877432e-01
-3.768919183889662960e-03
-1.260456468074081959e+00
-4.069135560892218617e-01
-3.768044778634155323e-03
-1.260343531455096588e+00
-3.781102463456841867e-01
-3.772050185100517261e-03
-1.260231297024688946e+00
-3.493076285528040614e-01
-3.780537872496048113e-03
-1.260410816168256121e+00
-3.209319260002118646e-01
-3.782358499765575699e-03
-1.260739595491258136e+00
-2.928216297936414581e-01
-3.783528099811611645e-03
-1.261177069311167021e+00
-2.649884912477290522e-01
-3.784413244822537603e-03
-1.261698539232450234e+00
-2.374404320845335814e-01
-3.785101361860110369e-03
-1.262257740486989466e+00
-2.101942310906579348e-01
-3.785625216369825630e-03
-1.262815300637433635e+00
-1.832646999643035013e-01
-3.786002124738535590e-03
-1.263331403932373309e+00
-1.566676058970509489e-01
-3.786244070146688179e-03
-1.263765792222149242e+00
-1.304199691516533255e-01
-3.786362001939463928e-03
-1.264077801405370627e+00
-1.045402778133982385e-01
-3.786367350429642453e-03
-1.264226412584328996e+00
-7.904863207440110395e-02
-3.786272135507001702e-03
-1.264170323356149650e+00
-5.396681264472477646e-02
-3.786088360128392338e-03
-1.263868042191200081e+00
-2.931827016447588821e-02
-3.785827292764665231e-03
-1.263278006243547358e+00
-5.128036447981919668e-03
-3.785499035360628817e-03
-1.262358721164742903e+00
1.857743762366704729e-02
-3.785112499623988214e-03
-1.259502647287500166e+00
4.425878724992483165e-02
-3.795116741584197984e-03
-1.255906291584237611e+00
7.015398395859100134e-02
-3.808085518705928152e-03
-1.251482781611684914e+00
9.638005368229489445e-02
-3.822562506072574307e-03
-1.246266024175850085e+00
1.229945394569403050e-01
-3.836856948833539116e-03
-1.240302448434273064e+00
1.500515004157202403e-01
-3.849408785466884586e-03
-1.233640343595461042e+00
1.776090486055609818e-01
-3.858862603707297056e-03
-1.226568950858255569e+00
2.054799704371415570e-01
-3.864177898121434751e-03
-1.219497246567901483e+00
2.333520460691120291e-01
-3.864737864964384872e-03
-1.215796624583628915e+00
2.578850230192674675e-01
-3.860021149867803869e-03
-1.212295951975180364e+00
2.816919590125224748e-01
-3.851228894613645259e-03
-1.207246664032553873e+00
3.089267582354730535e-01
-3.838833422583093347e-03
-1.201496125912268509e+00
3.371229559907464868e-01
-3.823809566900121526e-03
-1.198539508836266476e+00
3.625226396320321287e-01
-3.808157428848074622e-03
-1.193383987042642147e+00
3.907134405410112032e-01
-3.793525617408255446e-03
-1.190684359953124938e+00
4.160349102284837675e-01
-3.780864298741137830e-03
-1.185946663324178640e+00
4.443482907908333779e-01
-3.772044455336437396e-03
-1.183482541148526801e+00
4.699610832453610110e-01
-3.767274133972126071e-03
-1.180885499484326084e+00
4.953237552525909249e-01
-3.767631398621656968e-03
-1.178160060743197679e+00
5.204948521140579931e-01
-3.772656489072712116e-03
-1.174814067860217026e+00
5.490599293934245173e-01
-3.781894190091700247e-03
-1.173094934098578568e+00
5.756873790628496135e-01
-3.794527085380361431e-03
-1.170009069325858464e+00
6.043157187374551542e-01
-3.809488393797993977e-03
-1.168447132620805906e+00
6.310777371125587676e-01
-3.825022123768423432e-03
-1.165639449995257815e+00
6.597280006041347233e-01
-3.839855268034236824e-03
-1.162817384961798206e+00
6.883769893601983103e-01
-3.852203136802317962e-03
-1.159986507537004385e+00
7.170211766807986775e-01
-3.861037173438663928e-03
-1.157151388881626275e+00
7.456619308670769941e-01
-3.865410984898065561e-03
-1.154314890849303943e+00
7.743023803722522969e-01
-3.864884545088737022e-03
-1.151479665559606236e+00
8.029447561464294614e-01
-3.859523799226022289e-03
-1.148647133976378187e+00
8.315832580457637180e-01
-3.849877102097581938e-03
-1.145817153842785485e+00
8.602295209771277928e-01
-3.836918475150996599e-03
-1.142989386300591548e+00
8.888815810645372961e-01
-3.821946756312782911e-03
-1.140163264993733439e+00
9.175404485171938518e-01
-3.806460890660307017e-03
-1.137338373879789311e+00
9.462056755452252776e-01
-3.792008977439864648e-03
-1.134514383701065832e+00
9.748752248705045975e-01
-3.780035174654639007e-03
-1.131691637146792884e+00
1.003544939368034017e+00
-3.771736122809010716e-03
-1.128869896236948778e+00
1.032213084147732163e+00
-3.767942124149714633e-03
-1.126048638750978714e+00
1.060879931880424509e+00
-3.769033777336228130e-03
-1.123227600645365198e+00
1.089545718479243641e+00
-3.774903762161746501e-03
-1.120406723799994175e+00
1.118210644452396263e+00
-3.784967262223409845e-03
-1.118990707525182593e+00
1.145149419889926801e+00
-3.786787001955199683e-03
-1.117548019082527988e+00
1.171728359009452047e+00
-3.788003408172285758e-03
-1.116049245790514455e+00
1.197946401179293519e+00
-3.788853140190923119e-03
-1.114454362286744882e+00
1.223787895894593358e+00
-3.789425312763550213e-03
-1.112723743639840057e+00
1.249235545609183262e+00
-3.789760886474397017e-03
-1.110818220016529523e+00
1.274270746296511048e+00
-3.789899243993449796e-03
-1.108698975711216450e+00
1.298873444101358299e+00
-3.789883013389033772e-03
-1.105719092626741729e+00
1.324415806695954156e+00
-3.801138180004853817e-03
-1.101902245059030117e+00
1.350205470170049882e+00
-3.814894223419545982e-03
-1.097230988342484004e+00
1.376331685588549458e+00
-3.829326128826138209e-03
-1.091743974933335970e+00
1.402857629909561421e+00
-3.842849271910642184e-03
-1.085486374068186377e+00
1.429846894033435900e+00
-3.854054709155674274e-03
-1.078505694699983808e+00
1.457366593982618364e+00
-3.861758386305758073e-03
-1.071166321383020703e+00
1.485166921458854317e+00
-3.865096946300133895e-03
-1.063830619194479743e+00
1.512970177648787828e+00
-3.863643838583868950e-03
-1.060022073158097156e+00
1.537430192180763378e+00
-3.862134113979565075e-03
-1.056036337437473716e+00
1.560338619788088632e+00
-3.861277381352390403e-03
-1.051701763856248695e+00
1.582638614357617879e+00
-3.860571879628266201e-03
-1.047001049330135825e+00
1.604294653169890061e+00
-3.859686199623929559e-03
-1.041919702231031364e+00
1.625252183050498456e+00
-3.858562447992319733e-03
-1.036442739316024042e+00
1.645453037581864120e+00
-3.857228595644496272e-03
-1.030554413958220783e+00
1.664835626742706909e+00
-3.855771126083706868e-03
-1.024238241697795759e+00
1.683334216374116066e+00
-3.854291094583156552e-03
-1.017477262455796838e+00
1.700878256917385256e+00
-3.852867564559714353e-03
-1.010254472201047138e+00
1.717391909302782516e+00
-3.851540641964468215e-03
-1.002553357132028866e+00
1.732793780924688054e+00
-3.850311426476932253e-03
-9.943584773555733669e-01
1.746996853034683994e+00
-3.849151178785648053e-03
-9.856560653238856107e-01
1.759908569696187586e+00
-3.848012922629540089e-03
-9.764346227638213138e-01
1.771431054110866210e+00
-3.846841599551370505e-03
-9.666839694557157747e-01
1.782641724322994392e+00
-3.845522845979609805e-03
-9.542743582856826334e-01
1.794727165321148066e+00
-3.839322904401726300e-03
-9.391287576159331740e-01
1.807805904400858976e+00
-3.828795984641697459e-03
-9.213789455670775563e-01
1.822199391636673216e+00
-3.815395446688407688e-03
-9.011988603644677243e-01
1.838200098559355844e+00
-3.800921586558259069e-03
-8.788981323165001580e-01
1.855964372966548259e+00
-3.787174209240407041e-03
-8.564614748196287541e-01
1.873942691756194101e+00
-3.775783578082253511e-03
-8.377516908783325666e-01
1.888187409926355365e+00
-3.777575741137184639e-03
-8.221372097826824543e-01
1.898452284187739370e+00
-3.779206318747591054e-03
-8.033319689910221051e-01
1.910473001241268953e+00
-3.770781082079677216e-03
-7.818336118252692257e-01
1.924093828792129202e+00
-3.764008109148814230e-03
-7.578971073252332991e-01
1.939554558819618801e+00
-3.761350188503737035e-03
-7.377092677683217969e-01
1.951210487875501665e+00
-3.762922948964630976e-03
-7.146024229072686085e-01
1.964942319306794083e+00
-3.765734927066305415e-03
-6.900259059527205086e-01
1.979908274668142232e+00
-3.772663669799003472e-03
-6.691637199434682381e-01
1.991110362723856442e+00
-3.774888024099976036e-03
-6.509891438049375534e-01
1.998737963794879002e+00
-3.776286207367585135e-03
-6.298229323433475191e-01
2.008200857249713422e+00
-3.786453933170674802e-03
-6.060696789361569303e-01
2.019375909183675155e+00
-3.799033624038300472e-03
-5.802826268896997819e-01
2.032021325280441992e+00
-3.813524851428329310e-03
-5.544688404720996555e-01
2.044754462186362254e+00
-3.828936566959928456e-03
-5.286693025903278498e-01
2.057510837786341362e+00
-3.843302438489570871e-03
-5.028891975345038956e-01
2.070279775945156331e+00
-3.854844998729345384e-03
-4.806572957431291537e-01
2.079416304746198207e+00
-3.855367007486398823e-03
-4.608954379147933711e-01
2.085825599528156271e+00
-3.855242819931853360e-03
-4.416621499949323626e-01
2.092002565868935182e+00
-3.855143825597623364e-03
-4.224042609097042877e-01
2.098367238578474403e+00
-3.854481412883054015e-03
-3.991113512160061605e-01
2.104301018300096526e+00
-3.860184762277729664e-03
-3.729080980427887382e-01
2.112018012300135528e+00
-3.861046697405695616e-03
-3.494986009566444229e-01
2.116503038247641744e+00
-3.860043372611032808e-03
-3.231053955366914865e-01
2.123227252144281429e+00
-3.857353491086346065e-03
-2.994363428812613637e-01
2.127269999139231427e+00
-3.856466424407012372e-03
-2.762814352389991179e-01
2.131195049051294532e+00
-3.856037883765761620e-03
-2.496601059647832466e-01
2.136539047972462857e+00
-3.849838573675906650e-03
-2.252938267473964529e-01
2.139800114394655672e+00
-3.848847399781057943e-03
-2.011427405992126105e-01
2.143143878245979739e+00
-3.848532962664436008e-03
-1.771307482602307026e-01
2.146618676458379227e+00
-3.848202326852873112e-03
-1.492797048311263197e-01
2.150701919610199742e+00
-3.838572933969053302e-03
-1.235061619419907247e-01
2.153001192677778786e+00
-3.837490811266580648e-03
-9.795800842546645293e-02
2.155422514286221780e+00
-3.837273165749638393e-03
-7.259336622433855413e-02
2.157970210868261240e+00
-3.837089578274999191e-03
-4.741789222764918738e-02
2.160609998216201699e+00
-3.836894380789546144e-03
-2.242647429066970885e-02
2.163340099625878032e+00
-3.836661880966762972e-03
2.387126944892047249e-03
2.166160338314633282e+00
-3.836370567718461189e-03
2.702929184444380697e-02
2.169070582803759528e+00
-3.836009103722864966e-03
5.150607022578149868e-02
2.172070651483467341e+00
-3.835576711924193472e-03
7.580084937184529414e-02
2.175160222799000120e+00
-3.835079848122480151e-03
9.981631515501480922e-02
2.178307797474468455e+00
-3.834534782996001923e-03
1.233583468375871878e-01
2.181041669588439369e+00
-3.834032759723354777e-03
1.463914939526768100e-01
2.183312216085108393e+00
-3.833489646133309003e-03
1.688827433277277079e-01
2.185072275846903445e+00
-3.832887422183905990e-03
1.907987799011613139e-01
2.186275251986063761e+00
-3.832227796030179823e-03
2.121060535097666622e-01
2.186875230438804607e+00
-3.831516510247795493e-03
2.327711631992088470e-01
2.186827247933637697e+00
-3.830761275752436745e-03
2.527612740404058811e-01
2.186087606932452410e+00
-3.829971499739376339e-03
2.720445309313409554e-01
2.184614218128771768e+00
-3.829157674486077800e-03
2.905904656859742974e-01
2.182366962085378059e+00
-3.828330459638817906e-03
3.083703967664144785e-01
2.179308063165857234e+00
-3.827499850255378089e-03
3.289781851162522641e-01
2.173122426234816995e+00
-3.815094425400566980e-03
3.502721867399420375e-01
2.165252628872857521e+00
-3.800359930740571102e-03
3.724454720233288385e-01
2.155515338263303438e+00
-3.785939171007862702e-03
3.956835733141108036e-01
2.143997798241192854e+00
-3.773351891986326256e-03
4.201321760538547778e-01
2.130846436815388767e+00
-3.764038357620097530e-03
4.452740898633549271e-01
2.116904755139490391e+00
-3.759127978307769125e-03
4.704641374577165358e-01
2.102946071218316781e+00
-3.759118808528388866e-03
4.956591898581008127e-01
2.088993591440078568e+00
-3.763854678319467073e-03
5.208514718708691094e-01
2.075038701002112074e+00
-3.772886775418399230e-03
5.460359241248013973e-01
2.061074170960702112e+00
-3.785473227563451726e-03
5.712093029839890868e-01
2.047090380029245260e+00
-3.800534215965462037e-03
5.963697301407547835e-01
2.033087259106806322e+00
-3.816708518103423264e-03
6.178606765495230357e-01
2.022796915136575002e+00
-3.818783088975596929e-03
6.358978687055391044e-01
2.015139402538018487e+00
-3.819613925871989668e-03
6.517087595752650842e-01
2.007373875984489686e+00
-3.820379168330084729e-03
6.685412217545509961e-01
1.997535942024609268e+00
-3.833807022152246891e-03
6.860408100185642066e-01
1.985530217103429029e+00
-3.845173633094584043e-03
7.044549017873100727e-01
1.971450921803024503e+00
-3.853089070577853104e-03
7.240135750751316435e-01
1.955421778735639604e+00
-3.857337609986161153e-03
7.449336145475166093e-01
1.937577664883104234e+00
-3.857945830449571734e-03
7.667015693059067161e-01
1.918812702736610643e+00
-3.854917599263707473e-03
7.885100452102709045e-01
1.900069531500680142e+00
-3.848153714886032306e-03
8.066061206122637772e-01
1.885097546626813392e+00
-3.847387310404210004e-03
8.207149364660498714e-01
1.873277145058682480e+00
-3.846658881025477594e-03
8.319887638716606526e-01
1.862564290433430081e+00
-3.846148995473863685e-03
8.423294643503063117e-01
1.851973979689291117e+00
-3.845311343381341285e-03
8.534881366026771943e-01
1.838213131099622366e+00
-3.834173346554309303e-03
8.657492388686817142e-01
1.821489803572600374e+00
-3.818550365261658142e-03
8.794064524279058270e-01
1.801904037939045189e+00
-3.801457855357182058e-03
8.947388786604884015e-01
1.779644020178127173e+00
-3.785515265518651917e-03
9.062351734640604617e-01
1.761011790712070146e+00
-3.785137637168922708e-03
9.146368717391387682e-01
1.744590255421208713e+00
-3.785850785630096027e-03
9.223744444806445397e-01
1.728985501568920835e+00
-3.786209751884928032e-03
9.310476692244208374e-01
1.709692603330501104e+00
-3.774727874209515832e-03
9.413053285443386820e-01
1.687353159429368032e+00
-3.764548977632314886e-03
9.534470879177425751e-01
1.662210101910746030e+00
-3.758738037838438295e-03
9.661550946766376269e-01
1.636402878954517082e+00
-3.758839572504446558e-03
9.751955611466898155e-01
1.614186292071444484e+00
-3.761618293069424190e-03
9.815841872214038366e-01
1.594252699491404135e+00
-3.763829851724548314e-03
9.899476520079196762e-01
1.571203641093410486e+00
-3.768457193848051556e-03
1.000145503873493213e+00
1.545293209222998065e+00
-3.776691974830298504e-03
1.006542677474569381e+00
1.522836446634424856e+00
-3.778916451873587379e-03
1.015146995013477715e+00
1.497401834950254917e+00
-3.790472844522968510e-03
1.020274325532139370e+00
1.474946605418605339e+00
-3.792423275652739845e-03
1.027575072486915708e+00
1.449603265227333848e+00
-3.805762907242549176e-03
1.036405648244449473e+00
1.422229203839045386e+00
-3.820568088656633998e-03
1.041658289104979929e+00
1.398313814306525682e+00
-3.822445617891800929e-03
1.049231522725878163e+00
1.371548536449680666e+00
-3.836350723223885817e-03
1.053462739523022496e+00
1.347741899792899822e+00
-3.837563228714174768e-03
1.059957410044666926e+00
1.321121851169799077e+00
-3.849361289351843629e-03
1.067315580237791606e+00
1.293303150625873199e+00
-3.858610611233048715e-03
1.071212082418514511e+00
1.268810214997869501e+00
-3.858805442500529148e-03
1.077477995282431822e+00
1.241402481280751591e+00
-3.863640747266083864e-03
1.080929343052167368e+00
1.216869323328593877e+00
-3.863111648965494860e-03
1.086622159830131551e+00
1.189222827385665759e+00
-3.863453749206768872e-03
1.089739590419282367e+00
1.164446861655702659e+00
-3.862414980718625879e-03
1.095087208093273423e+00
1.136398677282506320e+00
-3.858347047867582980e-03
1.097923277312472301e+00
1.111216906595040133e+00
-3.856965661973549286e-03
1.100825893535537947e+00
1.086364309035312559e+00
-3.856253937966347412e-03
1.105207776054281332e+00
1.058054119253647452e+00
-3.848289232502744017e-03
1.107511379282340114e+00
1.032257817014790247e+00
-3.846819632762538133e-03
1.109941711022817579e+00
1.006701430477545012e+00
-3.846224333161146758e-03
1.113577574743078724e+00
9.781633396207486397e-01
-3.835248525763029770e-03
1.115448388956203241e+00
9.517760488863904467e-01
-3.833839393277665986e-03
1.117463174481771571e+00
9.256255316400084920e-01
-3.833432193220825956e-03
1.120410362624849387e+00
8.969952527909839102e-01
-3.820538744046364510e-03
1.121905744834615026e+00
8.701370344924894695e-01
-3.819258837831657205e-03
1.123578495623549944e+00
8.435048989694702293e-01
-3.819037798552665786e-03
1.125939445851915854e+00
8.148089654659831371e-01
-3.805463820617055459e-03
1.127135360447662160e+00
7.875387844570586049e-01
-3.804401940253054892e-03
1.128510182157670849e+00
7.604976579028969175e-01
-3.804374387541137326e-03
1.129998277984842758e+00
7.336894990652627069e-01
-3.804365795110842274e-03
1.131544925640609156e+00
7.049337160256605728e-01
-3.791435018323713324e-03
1.132331857649876206e+00
6.771245392753922898e-01
-3.790654991819297770e-03
1.133299095535192036e+00
6.495478016956408585e-01
-3.790805819787274045e-03
1.134512767702946512e+00
6.207647498724201407e-01
-3.779821927354293232e-03
1.135132846487302061e+00
5.927505829643396895e-01
-3.779447740694774627e-03
1.135938803466581160e+00
5.649725410628557709e-01
-3.779823913311108896e-03
1.136872033033122120e+00
5.361739889739605136e-01
-3.771913184173553146e-03
1.137401611604483165e+00
5.080479686674118645e-01
-3.771940119240646538e-03
1.138115260283969477e+00
4.801625879257741536e-01
-3.772485764662547592e-03
1.138934097049225658e+00
4.525398287668207509e-01
-3.772938151740568014e-03
1.139415357704853582e+00
4.237288274469069305e-01
-3.768792199347226202e-03
1.139830302149221763e+00
3.954553296597371759e-01
-3.769106194729310300e-03
1.140400984222036618e+00
3.674337061328123433e-01
-3.769693438779364580e-03
1.141077167006572912e+00
3.396775266272655802e-01
-3.770170087805863046e-03
1.141855224893315590e+00
3.121844793457575484e-01
-3.770536843305999364e-03
1.142734292900309478e+00
2.849564963487925540e-01
-3.770806291178208092e-03
1.143714204501004250e+00
2.579991916631990123e-01
-3.770985488641909189e-03
1.143350775033358913e+00
2.295808651559381741e-01
-3.770848542885979482e-03
1.142787205412086449e+00
2.009906523287047497e-01
-3.775121947671628009e-03
1.142037977790151926e+00
1.722300498101988486e-01
-3.783936165004359031e-03
1.141252756490047204e+00
1.434322536969721562e-01
-3.796325165713154703e-03
1.140475620023750025e+00
1.146416475081300512e-01
-3.810971128316270606e-03
1.139707439974394276e+00
8.586199034448374623e-02
-3.826343698989320696e-03
1.138945337670697056e+00
5.709276342958738426e-02
-3.840864326801474160e-03
1.138184717880584840e+00
2.833230568748127884e-02
-3.853059631570426857e-03
1.137420974995813960e+00
-4.217656788198693996e-04
-3.861699413987229601e-03
1.136650256490326916e+00
-2.917223327011671599e-02
-3.865913315557745200e-03
1.135869352233844110e+00
-5.792229821778307336e-02
-3.865274472012930618e-03
1.135075602708552234e+00
-8.667535742320439662e-02
-3.859840686716187186e-03
1.134267487251040318e+00
-1.154345334560585162e-01
-3.850148229509769982e-03
1.133444941029173592e+00
-1.442019167857473694e-01
-3.837158447877048184e-03
1.133029526894925976e+00
-1.724374583177350484e-01
-3.834979756659528949e-03
1.132738905619900871e+00
-2.004012521128561153e-01
-3.833901067784445393e-03
1.132537938949221168e+00
-2.280841390460982832e-01
-3.833072239656315494e-03
1.132388965040162176e+00
-2.554733370095441103e-01
-3.832395098658181176e-03
1.132253721021643678e+00
-2.825551430072755221e-01
-3.831826395042980948e-03
1.132093589822514623e+00
-3.093151608335319991e-01
-3.831331093592793557e-03
1.131869703507826674e+00
-3.357381665340492538e-01
-3.830880998969304896e-03
1.131543001853792196e+00
-3.618079398007073566e-01
-3.830454811834999029e-03
1.131074273564892207e+00
-3.875071275164100326e-01
-3.830037523191637261e-03
1.129280763070581894e+00
-4.144474959835753314e-01
-3.816944481312284365e-03
1.126901237470154804e+00
-4.417665470745872902e-01
-3.802155728158312931e-03
1.123817561541250454e+00
-4.695178641450423740e-01
-3.788255397508294431e-03
1.120075484490580919e+00
-4.977496181649627149e-01
-3.776769677507452183e-03
1.116001997869618956e+00
-5.262587553041361277e-01
-3.768927203178312757e-03
1.111945047643456697e+00
-5.547819802586914095e-01
-3.765580950748165234e-03
1.107898174214800191e+00
-5.833039458926589926e-01
-3.767090121208599429e-03
1.103853353182531638e+00
-6.118204885701418183e-01
-3.773314827304835584e-03
1.099804800463752175e+00
-6.403299360521655936e-01
-3.783669184430099586e-03
1.095749049994627411e+00
-6.688357769090226279e-01
-3.797160189960180343e-03
1.091685746077514674e+00
-6.973413705866806644e-01
-3.812475176553975498e-03
1.087619237381646009e+00
-7.258417467813621515e-01
-3.828111252977356438e-03
1.085546436146550775e+00
-7.519380317935905333e-01
-3.842284945981072619e-03
1.083338128256945865e+00
-7.777845213975107530e-01
-3.854141655739218297e-03
1.080094700011134945e+00
-8.063498281705044901e-01
-3.862149564142686176e-03
1.078439903380719933e+00
-8.329801662929652295e-01
-3.865233464156153653e-03
1.076637435780739338e+00
-8.593753223699596155e-01
-3.863664598960619978e-03
1.074703231906648737e+00
-8.855634733489505805e-01
-3.857267755789400843e-03
1.072483022122683094e+00
-9.142481133338956623e-01
-3.846869228346982972e-03
1.071352030405414268e+00
-9.415659731017125278e-01
-3.833238509418884776e-03
1.069310432760641305e+00
-9.702835712972479598e-01
-3.818248040115795883e-03
1.068271330657979412e+00
-9.977500652968923633e-01
-3.802857234773193706e-03
1.067038873990793002e+00
-1.024986886982684586e+00
-3.788984554118746129e-03
1.065426862755127990e+00
-1.053735852545860441e+00
-3.777845769551146926e-03
1.064609363518935536e+00
-1.081541375263346927e+00
-3.770337980810500866e-03
1.063152516111913082e+00
-1.110300238708257448e+00
-3.767647735458318214e-03
1.062413792106118748e+00
-1.138214473207250332e+00
-3.769650762441401071e-03
1.061102079869695958e+00
-1.166981002302240888e+00
-3.776517217657537895e-03
1.060437743143193723e+00
-1.194979211266780528e+00
-3.787224216184381653e-03
1.059259856065327021e+00
-1.223752683877983305e+00
-3.801042313299363151e-03
1.058647846690067063e+00
-1.251790581326848839e+00
-3.816274177323608630e-03
1.057594892320560698e+00
-1.280563419115683388e+00
-3.831719973716563032e-03
1.057025913016567342e+00
-1.308620340299282203e+00
-3.845512428617137157e-03
1.056089634663708754e+00
-1.337383865961009999e+00
-3.856610120834630395e-03
1.055148144557041201e+00
-1.366143454088232012e+00
-3.863620891296687399e-03
1.054201778063350359e+00
-1.394899669340158965e+00
-3.865995951621070681e-03
1.053251079210056007e+00
-1.423655441084260787e+00
-3.863474860363980135e-03
