-1.513581186677851896e-04
-3.724909601108997528e-04
-2.667250324919284970e-03
4.408446429703552038e-04
-4.209282159531222388e-04
-2.920931753583299803e-03
5.046167504637606282e-04
-4.485387335536387379e-04
-3.220746410385008987e-03
4.903057055459108821e-04
-4.542370800598114497e-04
-3.556141216815847036e-03
4.499715067065900628e-04
-4.337295827957692116e-04
-3.928483982928387096e-03
3.830119846170601896e-04
-3.856828843716548854e-04
-4.341292824721403217e-03
2.915346063512380226e-04
-3.121715821091217862e-04
-4.798468590183236661e-03
1.810262051458065493e-04
-2.183944175529355699e-04
-5.304322466973296173e-03
5.963346901251957325e-05
-1.120516645522627082e-04
-5.863601639213640755e-03
-6.280764212946060349e-05
-2.484610515116230735e-06
-6.481519487624719938e-03
-1.758818716311228748e-04
1.003352946632735657e-04
-7.163800153441745103e-03
-2.697372451282531274e-04
1.868671471958495423e-04
-7.916743339556676570e-03
-3.361493300848618923e-04
2.490049059585012960e-04
-8.747311113971813559e-03
-3.694038167919871008e-04
2.809248116166822230e-04
-9.663234879993943746e-03
-3.669126113283709004e-04
2.796922074819366386e-04
-1.067313802725271092e-02
-3.295057966205244934e-04
2.455696434317040824e-04
-1.178666829849841363e-02
-2.613743846018794594e-04
1.819991955196477169e-04
-1.301463361685673698e-02
-1.696731930565150695e-04
9.526478247409237094e-05
-1.436913587829407278e-02
-6.382599205843478361e-05
-6.128556924688399862e-06
-1.586369879228077817e-02
4.539671723154372544e-05
-1.122948198160965525e-04
-1.751338798321833146e-02
1.469356669917093157e-04
-2.129430452884637046e-04
-1.933492398608758697e-02
2.305322740887719504e-04
-2.983936404173595383e-04
-2.134679124614674919e-02
2.877423108445629368e-04
-3.605362634421125311e-04
-2.356934855040316440e-02
3.127734510135538916e-04
-3.936360679281710601e-04
-2.602494827464905958e-02
3.030628073179284301e-04
-3.949090265841144498e-04
-2.873807322286077784e-02
2.595371801193852869e-04
-3.648598399348769515e-04
-3.173288061894304068e-02
1.865120275215563018e-04
-3.068836445022833930e-04
-3.502983623342953434e-02
9.130480998068821229e-05
-2.280536976655870109e-04
-3.864080829029296893e-02
-1.655950556639153811e-05
-1.367528695255925276e-04
-4.259555885876344095e-02
-1.262549657262048027e-04
-4.300758315420329488e-05
-4.692581193557502500e-02
-2.267501545477382501e-04
4.280545369231404478e-05
-5.166527697775775280e-02
-3.079130656169635680e-04
1.110248479324925982e-04
-5.684980985899364125e-02
-3.615228986922603923e-04
1.536672829564826440e-04
-6.251756437600933247e-02
-3.820875294789233549e-04
1.652157644289157525e-04
-6.870912757358502154e-02
-3.673853383636357418e-04
1.431570293637784020e-04
-7.546763119305217871e-02
-3.186786764203746554e-04
8.821614318061455132e-05
-8.283883066269998041e-02
-2.405796047648773521e-04
4.267602053404642198e-06
-9.087114348021468890e-02
-1.405830406547621688e-04
-1.020651287414369102e-04
-9.961564043086894304e-02
-2.831470567446917343e-05
-2.220793421937796320e-04
-1.091259855422358482e-01
8.543156865908777074e-05
-3.458644103765496714e-04
-1.194583236626125811e-01
1.410736730291579813e-04
-4.599614714192319350e-04
-1.084137807045638252e-01
1.894322760458258309e-04
-5.139111227858862013e-04
-9.399569718665830298e-02
2.534761955461884483e-03
-5.461402084367329062e-04
-9.204208376248783352e-02
4.365342333653941635e-03
-4.424684456508634948e-04
-9.201909591089191265e-02
5.794922275797117876e-03
-2.299330473216024834e-04
-9.198301457356772293e-02
4.541835412534181438e-03
2.949651251894688775e-04
-8.266620908798330558e-02
5.941587944430074854e-03
1.256020180207632073e-04
-8.256827163289091887e-02
4.590395316165233469e-03
5.732899521545965337e-04
-7.414491393167670086e-02
3.551944029319267088e-03
5.533203828865330747e-04
-6.274195336494291231e-02
5.078312191453773598e-03
5.581533733099173014e-04
-6.269092354045878446e-02
3.863772217376338844e-03
8.717160750021981644e-04
-5.581486679842612153e-02
3.911057200131708850e-03
6.782146453847884802e-04
-5.584794281091861462e-02
2.439829619939591545e-03
9.242553056795345476e-04
-5.033351624246570205e-02
1.630218654280657115e-03
7.972373098153858135e-04
-4.346040149492283455e-02
1.069633735280373001e-03
6.492182092739777217e-04
-3.511891400799600077e-02
6.685677026566328677e-04
5.005279313983204085e-04
-2.523735014031595891e-02
1.446160045766295204e-03
6.089807229751679736e-04
-2.526817588531073480e-02
1.317259141472078504e-03
4.601862614349290590e-04
-2.531456299163368368e-02
6.301902160588837652e-04
3.800483622534830334e-04
-2.192713260586733048e-02
4.006870428448598698e-04
1.473064505644837690e-04
-1.706619050087531536e-02
9.541815923415658974e-04
7.881583370764799941e-05
-1.704517085630389076e-02
4.710379722969147438e-04
-2.094233619238323858e-05
-1.390431876914101708e-02
8.350547338113348348e-04
-9.100840578671845645e-05
-1.388538820322546795e-02
3.230228675784010050e-04
-1.534138129935356685e-04
-1.088070210500977422e-02
9.548502399308826237e-05
-2.237258112434470424e-04
-6.293087750548676321e-03
5.734409067760887170e-04
-4.583280942151755444e-05
-6.280260588932506244e-03
4.721362695025204596e-04
3.475403874587970967e-06
-6.277423836209075798e-03
2.827736579988408502e-04
6.229331009541224696e-05
-6.272797078641364349e-03
8.953819173752800410e-05
1.350266618382552390e-04
-6.270616913062266110e-03
-8.907123902376245421e-05
2.117018198055339352e-04
-6.284004996194232293e-03
-2.414293320123631135e-04
2.809594710735985367e-04
-6.313667114430538199e-03
-3.603311347177731543e-04
3.330952743685266994e-04
-6.363391950664733926e-03
-8.699136704950101440e-04
3.008901685061825867e-04
-3.839425045559787322e-03
-4.574399255294079106e-04
3.961273909012112725e-04
-3.907883710645004664e-03
-3.979297692697708676e-04
3.655054725932543706e-04
-3.988288601779472163e-03
-3.600251882868070268e-04
2.976297154553792326e-04
-4.058684533556987557e-03
-2.973699759371909433e-04
2.067385163281545057e-04
-4.109889661126978934e-03
-2.117190388256787799e-04
1.011697837603125707e-04
-4.135592388062250303e-03
-1.143781158292915469e-04
-9.752608411108056559e-06
-4.138353596808664117e-03
-1.726405689730058768e-05
-1.161779266822368553e-04
-4.122705406289170656e-03
6.844587133807822745e-05
-2.085353893499975093e-04
-4.091408410717056222e-03
1.321398665543136873e-04
-2.781995893351837598e-04
-4.055023074567435173e-03
1.661556231325491111e-04
-3.188475346159473558e-04
-4.023174251033393746e-03
1.671700116710978586e-04
-3.270863258652176547e-04
-3.995756700121352867e-03
1.341514516328490628e-04
-3.023640298554580654e-04
-3.972631533598715466e-03
6.952414009156849346e-05
-2.473489434623407407e-04
-3.953595072510098472e-03
-3.626409892685128760e-04
-1.283393930978005864e-04
-6.238334700835756509e-03
-4.669238997418544818e-04
-7.683442032962507252e-05
-1.009566463103708615e-02
-5.168544627665757870e-04
-5.666552884566848365e-05
-1.558576174094905391e-02
-5.546813703873785476e-04
-5.435219544951931187e-05
-2.272741831700228129e-02
-5.910514224156202673e-04
-7.433444635358389208e-05
-3.157740227612944317e-02
-6.263967058016591807e-04
-1.109184720524456868e-04
-4.216638653155397459e-02
-6.608890697095586627e-04
-1.612758815326513224e-04
-5.451586601573576996e-02
-6.946981495117439094e-04
-2.232763533733933808e-04
-6.863879397273249527e-02
-7.279852676407689259e-04
-2.951969530240238036e-04
-8.453990695924680498e-02
-7.608640649100202689e-04
-3.756372898621330027e-04
-1.022158808351029263e-01
-7.933576523023098915e-04
-4.634572493398316233e-04
-1.216553715506798611e-01
-8.253604663619318457e-04
-5.577200910224073237e-04
-1.428390092470276651e-01
-8.566097923510712945e-04
-6.576409307296120048e-04
-1.657394152086972272e-01
-8.866703809163917378e-04
-7.625414048140152518e-04
-1.903212990730987486e-01
3.862662459694266481e-04
-1.192821482222102469e-03
-2.069264240543492173e-01
5.285619791964292187e-04
-1.244056306038555286e-03
-2.215343855120415761e-01
5.378914030049459062e-04
-1.253892827665589000e-03
-2.333806657371410298e-01
5.370244221276286286e-04
-1.222442821038703404e-03
-2.422569451585302180e-01
5.494591980899324497e-04
-1.160398335888023326e-03
-2.479929448089277233e-01
5.865455531644787977e-04
-1.081549025116319623e-03
-2.503937099417949397e-01
5.326461946536797942e-04
-9.347782254492441670e-04
-2.506694817185293744e-01
3.349863009193023420e-04
-7.057529925368371442e-04
-2.509405090133639549e-01
-1.721630249404793728e-03
4.046672402941534378e-04
-2.303814654493131220e-01
-2.024934839391975567e-03
4.457702647291358661e-04
-2.089188688469372779e-01
4.040239351092512939e-05
4.245445647070088220e-05
-2.038723561764494430e-01
7.693349210825585222e-04
-2.261419517121796745e-04
-2.038813680015079399e-01
-8.134173650409905806e-04
5.512531027728613227e-04
-1.864968600092929418e-01
7.298060170222022769e-04
-1.762995406287485699e-04
-1.857167338683769209e-01
-7.145924081041382702e-04
4.262316986133654595e-04
-1.696342410915091248e-01
8.863107796691324950e-04
-2.413211540756423701e-04
-1.691137606595364273e-01
-5.076545269587004862e-04
3.584865047245296230e-04
-1.542502636925635606e-01
-6.666855471518883360e-04
2.396375232650217355e-04
-1.376144137784335031e-01
-6.513035507796148364e-04
1.177167973640546483e-04
-1.193659544377845827e-01
1.080507320646650589e-03
2.467015810563611634e-05
-1.192004946411947819e-01
-7.054507276883927687e-05
5.867652917464221025e-04
-1.083072714650825941e-01
8.100171849945425866e-04
1.772570870781846699e-04
-1.083193541141774796e-01
-4.123081274785097465e-04
7.048106893290737984e-04
-9.815274398828287283e-02
4.271637069073544197e-04
3.338729410596169827e-04
-9.815896219373956844e-02
3.155802710047734020e-04
3.438475592679354461e-04
-9.819856224088224783e-02
1.101886243933344499e-04
3.751984987988376099e-04
-9.823284643020938067e-02
-5.279648727547317272e-05
3.857650835469917435e-04
-9.826292972761314914e-02
-1.551909217572501273e-04
3.683132350332775037e-04
-9.828076300371219043e-02
-2.003260996450521034e-04
3.224603025364203399e-04
-9.829396667748591110e-02
-1.996136179355564443e-04
2.506786572558592223e-04
-9.830880695368535149e-02
-1.563400848797371202e-04
1.591263414642435663e-04
-9.831873739759061648e-02
-8.811541873080987869e-05
5.543563679386160606e-05
-9.832060558697439112e-02
-7.172281788150914517e-06
-5.087575061021940291e-05
-9.831074133424344552e-02
7.321655374794227384e-05
-1.499485349831078439e-04
-9.828877377993586184e-02
1.406158104081933736e-04
-2.326008268826446469e-04
-9.825504704023541036e-02
1.842027064660702236e-04
-2.909542075361018086e-04
-9.822303622670379430e-02
1.980306724639085590e-04
-3.197490636460274447e-04
-9.819799500668818792e-02
1.795656262956684768e-04
-3.164892399356116198e-04
-9.817762624903091095e-02
1.289084246872652061e-04
-2.816493620931825588e-04
-9.815995696463399034e-02
4.961952805154717743e-05
-2.188154226354716752e-04
-9.814338821487036957e-02
-9.784478303888738925e-04
2.419074621665176755e-04
-1.074401760942072653e-01
-1.094974426240434735e-03
1.771198252555324451e-04
-1.184560438800833643e-01
-1.074236782183463296e-03
6.666856123005524687e-05
-1.311849700254617002e-01
-1.042760634008550735e-03
-4.866200956230991060e-05
-1.456088491047970446e-01
-1.018515496146017935e-03
-1.649412876218472293e-04
-1.617040269451252010e-01
-1.002458755107363698e-03
-2.815837592254015324e-04
-1.794435934358193097e-01
-9.932150540817544660e-04
-3.983789029167912610e-04
-1.987986108698442667e-01
-2.120688491136741920e-04
-5.589266675698237015e-04
-2.159970502744788245e-01
-9.962494918458841454e-06
-7.194402115489225953e-04
-2.308085670965840386e-01
1.040688936278871227e-04
-8.295657258799055437e-04
-2.427714398982184496e-01
2.000602625463941632e-04
-8.820913816429855467e-04
-2.516721926364538509e-01
2.986931990773701974e-04
-8.921513661540098799e-04
-2.573035857083590949e-01
4.125844683618209714e-04
-8.756123847025580088e-04
-2.594359080285571495e-01
3.899851941842823969e-04
-7.632588664359452914e-04
-2.596908424499689838e-01
2.325681083270391520e-04
-5.781163022705738518e-04
-2.599381013069647639e-01
-1.867569312493671911e-03
4.995822233364425897e-04
-2.809377780496182808e-01
-2.491279695381619797e-03
3.046557295092475822e-04
-3.044256903368915967e-01
-2.422134181093441724e-03
7.987912677893210486e-05
-3.296663935449360427e-01
-2.283158670914151901e-03
-1.260971652102500578e-04
-3.566657755820603626e-01
-2.171370767240470533e-03
-3.164250572148104247e-04
-3.854667165534511608e-01
-2.094115814773218204e-03
-4.953879198180995277e-04
-4.161183074161234341e-01
-2.045900527323967280e-03
-6.665588979960474598e-04
-4.486767194081294763e-01
-2.020651447951244285e-03
-8.331301614798546215e-04
-4.832064237926023686e-01
-2.013307746060712111e-03
-9.979720547476998282e-04
-5.197806143271249679e-01
-2.019723176986047957e-03
-1.163623969841320232e-03
-5.584811678635701604e-01
-2.036367091563949430e-03
-1.332303443898729149e-03
-5.993986041264381948e-01
-2.060066706752728110e-03
-1.505928875651327183e-03
-6.426324318485160392e-01
-2.087818680578968147e-03
-1.686137064715057194e-03
-6.882921716683774171e-01
-2.116659574676246162e-03
-1.874286691254498267e-03
-7.364992740404501248e-01
-1.788841063920091658e-03
-1.769276030805951505e-03
-7.873163479334653880e-01
-2.159426083539152310e-04
-1.910261514285143455e-03
-8.298354250866479820e-01
1.110678297142088855e-03
-2.049149804577530577e-03
-8.624885173965107787e-01
2.263044905432171159e-03
-2.051009896863663536e-03
-8.847078796294265413e-01
3.246146759618208713e-03
-1.926546034425977594e-03
-8.961762396278889486e-01
3.996971443374745109e-03
-1.701349693554196499e-03
-8.973600895427958912e-01
3.554251737319180995e-03
-1.490746407798883028e-03
-8.976166034755110879e-01
4.904936636750059512e-04
-1.526193590312244740e-03
-9.176446247931976385e-01
-1.981636711622840243e-03
-1.845003491338382097e-03
-9.560595148504138496e-01
-1.435957887747443557e-04
-1.797425777909486024e-03
-9.801653338751989963e-01
1.464295925836780294e-03
-1.646147377637733082e-03
-9.926134254242853228e-01
2.707492157244384759e-03
-1.361418446367298248e-03
-9.937375814666580265e-01
3.229084192520502645e-05
-1.632605587534077677e-03
-1.015188331026544599e+00
1.411005200639116981e-03
-1.344527458124478766e-03
-1.022705536407101157e+00
2.096605553830443829e-03
-1.010726234281256923e-03
-1.022766495444759949e+00
-5.224836953007629473e-04
-1.369183814255555721e-03
-1.043104954410176699e+00
-2.447046657970367890e-03
-1.901933599324918435e-03
-1.079912543670465741e+00
-6.353839747177926966e-04
-1.512926487276171393e-03
-1.101680870512550037e+00
8.902999104401074140e-04
-1.051851954953253324e-03
-1.111125046630093038e+00
1.835247127452679624e-03
-6.273288673587777047e-04
-1.111448444974432403e+00
1.520868447663203471e-03
-3.879650359014172453e-04
-1.111482748953954269e+00
1.068194588532871267e-03
-2.067342270832667986e-04
-1.111552005238951368e+00
6.758457822025678045e-04
-6.017223996216489060e-05
-1.111656983578019897e+00
-1.782104150087837841e-03
-6.540044398226541218e-04
-1.131768563155956864e+00
-3.260411040824795752e-03
-1.104711168944295810e-03
-1.163900982598078615e+00
-3.199742887892566539e-03
-9.142970650895009595e-04
-1.198307527205573653e+00
-2.681571851475922103e-03
-6.383322320195195096e-04
-1.235003419543160730e+00
-5.195025063977248879e-04
-1.061999816395646718e-03
-1.254573323273127317e+00
1.104687205774548689e-03
-5.703577424423812974e-04
-1.260847407064642045e+00
-7.036786312091221959e-04
-1.267693389453466513e-03
-1.285300733827593689e+00
7.866190157772726208e-04
-5.942469192997242239e-04
-1.292948729653081053e+00
-8.600525193969729525e-04
-1.123239389011065599e-03
-1.315494124708838752e+00
-1.217830237486940094e-03
-9.495110942912377916e-04
-1.339197905279095657e+00
6.650640535680838209e-04
-5.543275707607308537e-04
-1.346545850903586583e+00
-6.167867115078598181e-04
-9.970969410355138857e-04
-1.365518314941170264e+00
-8.236710104103175684e-04
-8.002635956774152223e-04
-1.386319668767012292e+00
-8.271205083157588244e-04
-5.721470441323475795e-04
-1.408727696461599566e+00
1.143054762309685113e-03
-4.969953809011451191e-04
-1.411931682703988722e+00
-6.280475987215864819e-05
-9.445622998179314684e-04
-1.426044016187001384e+00
-3.476731390448683959e-04
-7.565702333850012409e-04
-1.441708703082676069e+00
-4.518476013565541380e-04
-5.492428451801508252e-04
-1.458857902622063607e+00
-5.208892740910516872e-04
-3.909495510963740205e-04
-1.477583383127259120e+00
-5.729917946552216335e-04
-2.681090989406900498e-04
-1.497903481271207982e+00
-6.127599240040375013e-04
-1.733643616266459890e-04
-1.519819914744657829e+00
-6.427482391786500365e-04
-1.014742485250503227e-04
-1.543323713797012831e+00
-6.649894098696016364e-04
-4.815305618414063044e-05
-1.568398103105213659e+00
-6.901471225426738208e-04
-9.937528928104785649e-06
-1.594915327923664528e+00
-7.518622313384951865e-04
3.110512069586810198e-06
-1.622399599458034691e+00
-8.751372616463611595e-04
-1.734601120305141882e-04
-1.651784192848207100e+00
-9.909016332809760311e-04
-3.597110885836922738e-04
-1.683014748002179761e+00
-1.089340655547975118e-03
-5.386370699382612504e-04
-1.716014491612374737e+00
-1.170547209643044541e-03
-7.105617061093445676e-04
-1.750697475081889332e+00
-1.235697474771132575e-03
-8.771089227892534630e-04
-1.786970164532171834e+00
-1.285678430708291032e-03
-1.039519345364455600e-03
-1.824732464257995401e+00
-1.320991141167043859e-03
-1.198520689491850560e-03
-1.863878772915301685e+00
-1.341846957047639760e-03
-1.354365322806978149e-03
-1.904299038918007891e+00
-1.348276264394866492e-03
-1.506883432439877187e-03
-1.945879745291779539e+00
-1.340224375759275360e-03
-1.655537291617423462e-03
-1.988504781054097004e+00
7.450995212251640930e-04
-2.070124265016592014e-03
-2.019474802912193834e+00
1.478064633226630490e-03
-2.307904317297974732e-03
-2.045189158535799301e+00
2.046922268553965155e-03
-2.527689599595724698e-03
-2.064035273742412802e+00
2.563188299681912197e-03
-2.642253275459109305e-03
-2.075613928285936272e+00
3.008154279849426047e-03
-2.639274942060088839e-03
-2.079772355089327451e+00
2.995011837529375828e-03
-2.420271892046340322e-03
-2.080015623542318171e+00
2.517099118315485953e-03
-2.053454192705171395e-03
-2.080054972803083047e+00
2.016820500560343073e-03
-1.702276738732315733e-03
-2.080087970414652432e+00
1.567831625338158641e-03
-1.379963785890002490e-03
-2.080117613337768123e+00
1.170015973166266049e-03
-1.083752123873566895e-03
-2.080145112067434354e+00
8.183957095314933197e-04
-8.142390847734149806e-04
-2.080171455749050047e+00
5.085387142705904842e-04
-5.706369625584177541e-04
-2.080208670719166708e+00
-1.976606945611996367e-03
6.943364893093276354e-05
-2.100307876698531473e+00
-3.780678197713523928e-03
2.667817601908818747e-04
-2.137362665736877165e+00
-4.146578763548865350e-03
-2.636546513864976315e-04
-2.178769978590548995e+00
-2.518183116391460932e-03
-5.804004620182911514e-04
-2.214431660191413798e+00
-1.245648920061378671e-03
-9.225399118113156854e-04
-2.242984227263169039e+00
-1.714812376352715343e-04
-1.117249806503941168e-03
-2.263946958898081618e+00
7.492509450402287143e-04
-1.181165670413328881e-03
-2.276979442828844569e+00
1.545291865478310399e-03
-1.146354987204739866e-03
-2.281815680309917660e+00
1.810007717673856520e-03
-9.997851720834583737e-04
-2.282062119703657466e+00
1.487253029887455587e-03
-8.204453850249517500e-04
-2.282335333878356742e+00
-1.297160029008983476e-03
-5.163305928192698678e-04
-2.302271273280315889e+00
-3.586569725640074025e-03
-5.520586119725827629e-04
-2.340979334285376634e+00
-4.476010737535025992e-03
-9.083887449616347967e-04
-2.390028250782556984e+00
-4.177878325219340494e-03
-9.830456800160711130e-04
-2.438268542382497905e+00
-1.950073066934773997e-03
-1.363746264029413232e-03
-2.476523234583241972e+00
-5.681917304725105452e-05
-1.585086967933151689e-03
-2.504490731164193740e+00
1.532597952725853847e-03
-1.653659252716441338e-03
-2.521924972478102767e+00
2.828517820856075397e-03
-1.579177487102012990e-03
-2.528696936871079881e+00
1.318742465397005248e-04
-1.799400532159534149e-03
-2.555389589724793353e+00
-1.692959009397346790e-03
-2.116066073977082920e-03
-2.595334249725098630e+00
-2.061129499018258225e-03
-1.897830173788929301e-03
-2.636967387539678409e+00
8.569671098256528949e-05
-2.011346838814411821e-03
-2.664834429717789277e+00
1.827000052019964139e-03
-1.787746735860684232e-03
-2.680400054825899936e+00
3.162591521140152052e-03
-1.413730963938523598e-03
-2.683741981388562792e+00
3.149948861557824720e-03
-1.149799359482565854e-03
-2.683843992043225324e+00
3.961154810857722371e-04
-1.669121531780246113e-03
-2.704291829511281886e+00
-1.309230851727756452e-03
-2.056942123138090408e-03
-2.736433874481340567e+00
4.406438910792012599e-04
-1.545833709734659427e-03
-2.752834447869489942e+00
1.930850573090211802e-03
-1.025706341360274393e-03
-2.756559232764944412e+00
-3.500831481517725904e-04
-1.719985984385392040e-03
-2.781235491963225392e+00
1.059761906477010634e-03
-1.078262006607751860e-03
-2.789684615925372313e+00
-8.339310111944627782e-04
-1.742144389142304692e-03
-2.816766273166267709e+00
6.224209580487729578e-04
-1.017420882985469463e-03
-2.827188826717571768e+00
1.567004834469558870e-03
-4.120252534360063388e-04
-2.827331426074310983e+00
-6.754085082808153947e-04
-1.194991494740538967e-03
-2.848346130537258158e+00
6.584985100947744535e-04
-4.448906877264227708e-04
-2.852483760564830551e+00
-1.142628882606215460e-03
-1.200110089135358058e-03
-2.875695958903878857e+00
2.860694688528548301e-04
-4.207960370194194048e-04
-2.881737721581821177e+00
8.479909398487771094e-04
-8.950357618012387954e-06
-2.881828709058757543e+00
-1.235786718497491974e-03
-8.940075666225595760e-04
-2.902624630431876795e+00
2.307328560528636998e-04
-1.365108372506966484e-04
-2.905705976890730735e+00
-1.369818060470672817e-03
-8.014110286409178996e-04
-2.925366394028035888e+00
2.590043144553035546e-04
-9.836608552493637586e-05
-2.928025533863107821e+00
-1.283358436630248301e-03
-7.160291446235926950e-04
-2.946105184360610529e+00
4.186090429069769248e-04
-4.274639326546312966e-05
-2.947320698945376627e+00
-1.113307682837737320e-03
-6.782072625145130641e-04
-2.964006020565749022e+00
-1.321879198160341847e-03
-5.379472001826349995e-04
-2.982248939738426863e+00
5.904312100198150009e-04
-1.047986887435127382e-04
-2.983068101266122429e+00
-7.333414393282982257e-04
-6.616645688680333672e-04
-2.997060041425025911e+00
-9.318386456762040634e-04
-5.155932199391263272e-04
-3.012684470331690179e+00
7.267788266539926267e-04
-1.558229955480725686e-04
-3.012827945349633385e+00
-4.523016129715555717e-04
-6.524245415902161149e-04
-3.024512199320660955e+00
-6.659843644653787743e-04
-5.116516467917062508e-04
-3.037721720725011565e+00
7.466909041710303053e-04
-2.325744181313862990e-04
-3.037791165604298627e+00
-2.659697546827592251e-04
-6.541734285425079842e-04
-3.047538398913345770e+00
-4.697971267919392947e-04
-5.105427156085197123e-04
-3.058702552581722856e+00
7.470611327351442009e-04
-3.095602945253642861e-04
-3.058713575514750538e+00
-1.100945930621189794e-04
-6.558000886991550114e-04
-3.066644911846284405e+00
-3.067505136019674900e-04
-5.210420491227957729e-04
-3.075966188863612505e+00
-3.908071004225754344e-04
-3.958750918529560818e-04
-3.086791431928424867e+00
7.725697156723628119e-04
-4.396095539084743029e-04
-3.086770311091667551e+00
1.389526802266844894e-04
-6.702991430277395685e-04
-3.092137654919133283e+00
-6.037868271960980591e-05
-5.392564640798145096e-04
-3.098853366871029635e+00
7.321821836820335090e-04
-4.692705890985761114e-04
-3.098800209763694635e+00
1.512210472171980548e-04
-6.399798770942112178e-04
-3.103084891018884850e+00
-3.378062468163169752e-05
-5.173621599101347734e-04
-3.108740911383137462e+00
6.696254875761773221e-04
-4.809783953475057247e-04
-3.108670221342949347e+00
1.412071921297947043e-04
-5.914217655086907938e-04
-3.112375435210533947e+00
-3.040786737347836861e-05
-4.800089758013413978e-04
-3.117487318294461573e+00
-1.380492475365305586e-04
-4.002041492564702260e-04
-3.124174162541948796e+00
6.419589818213647511e-04
-5.401372099592047487e-04
-3.124085985756603012e+00
1.919351073083250790e-04
-5.368451679874908754e-04
-3.127051724620876882e+00
1.788594588955221641e-05
-4.411222034523719837e-04
-3.131497833974547174e+00
-9.773129408400091551e-05
-3.742560684667346174e-04
-3.137535744744257560e+00
-1.856021843108152970e-04
-3.246719070123706553e-04
3.138004306679023969e+00
-2.560841974866904223e-04
-2.880411781476019243e-04
3.128785927756660090e+00
-3.150088612805108631e-04
-2.620108206740604678e-04
3.118071345868971278e+00
6.045108097850878867e-04
-7.662933069711441725e-04
3.115707855717182451e+00
6.775311512752645472e-04
-7.832397326329911934e-04
3.114347600824076245e+00
5.972614670682517774e-04
-7.187663154481662006e-04
3.114077200022119296e+00
4.224658946613404692e-04
-5.708944577124450527e-04
3.114065079202094299e+00
2.185910954503173767e-04
-3.963520044784807806e-04
3.114028292593154834e+00
2.289666192887429094e-05
-2.266960315396506376e-04
3.113938034342647487e+00
-1.506643870235228823e-04
-7.394704106335596460e-05
3.113788259102954203e+00
-2.934306048805560311e-04
5.288654164784655783e-05
3.113586510950774322e+00
-3.987857555147454082e-04
1.469866424150900828e-04
3.113347399111947578e+00
-4.624465715179289942e-04
2.040210573788228069e-04
3.113088003127739256e+00
-4.828528146932634037e-04
2.223856726897198920e-04
3.112828032209109530e+00
-4.616790444303409667e-04
2.035152540819767095e-04
3.112589751382116354e+00
-4.040501890850285954e-04
1.521191672734490373e-04
3.112393132037253984e+00
-3.183408943461788388e-04
7.570895649034551918e-05
3.112252121493130019e+00
-7.652017062191603753e-04
2.156441400684090985e-04
3.109132593811410494e+00
-8.558877936578299398e-04
2.454680299994532137e-04
3.104471996213862273e+00
-8.895146640632692120e-04
2.457897701941411041e-04
3.098233071403861505e+00
-9.149108183074256256e-04
2.264913716610577211e-04
3.090382637077864203e+00
-9.397045011282327423e-04
1.911267134005618094e-04
3.080895980018977021e+00
-9.648258502935092061e-04
1.423501173452108230e-04
3.069756545005203563e+00
-9.901724588689084661e-04
8.238665338925895104e-05
3.056955185916601092e+00
-1.015523956910315473e-03
1.309183459733132942e-05
3.042489552412542153e+00
-1.040670697912549200e-03
-6.401275860611826756e-05
3.026363741768876459e+00
-1.869821520529671476e-05
-5.775172427602768806e-04
3.015247037683955078e+00
3.531436375466739724e-04
-8.240270727394070167e-04
3.006784829138030801e+00
6.204045367489821388e-04
-1.056443966924857682e-03
3.001447144704583181e+00
8.480222659229848378e-04
-1.225551701818700014e-03
2.999488653867953492e+00
9.209288307104019451e-04
-1.236787167033351603e-03
2.999447315966698113e+00
8.153740158573488574e-04
-1.096773898735596249e-03
2.999431966310137199e+00
6.739034505041374690e-04
-9.435380502346018021e-04
2.999411434254953157e+00
5.201012307504639023e-04
-7.861297267851900762e-04
2.999385627066811111e+00
3.577503025160688310e-04
-6.239280170388324153e-04
2.999355898387092267e+00
1.918772400024965476e-04
-4.587629428714855143e-04
2.999316123671191381e+00
2.794523760520144863e-05
-2.953479160732288330e-04
2.999274650141054543e+00
-1.300445441587105811e-04
-1.400371991081180692e-04
2.999206957210128088e+00
-1.599853653712187936e-03
6.169554616602999182e-04
3.012013129844597792e+00
-1.742368688143216670e-03
6.104717161373421526e-04
3.026414303990018873e+00
-1.868278882665787321e-04
3.295747446775291263e-04
3.026399563164404949e+00
-1.172056358470191561e-03
8.408453287950523863e-04
3.036903419212355626e+00
-1.267512674704111310e-03
7.260769048184873660e-04
3.048859098279140145e+00
-1.193367679143755855e-03
5.590493619008456020e-04
3.062264271393443593e+00
2.754097954199173290e-04
4.100500714681271715e-04
3.062230199614059512e+00
-4.070594100959842236e-04
6.600321444740394608e-04
3.069772021727923406e+00
4.535824482163919617e-04
2.022268918064357038e-04
3.069750254300865677e+00
-2.369013450947972214e-04
3.906908536439426035e-04
3.076715574867629588e+00
-3.038345294980922414e-04
1.679876574699054798e-04
3.085153254069993967e+00
6.753227740664271769e-04
-8.243109286365441271e-05
3.085161016884286678e+00
9.732055926573188003e-05
1.058787054465699527e-04
3.090731495772620629e+00
6.858242048579373884e-04
-1.837461783964798112e-04
3.090735780882328587e+00
5.283095068577133116e-05
3.742087541249667433e-05
3.095805346690310156e+00
5.385472109616398729e-04
-1.621403035568348770e-04
3.095812071889127548e+00
-1.135164682728101920e-04
9.979873544506491002e-05
3.100402505266515618e+00
2.998610482188209794e-04
-2.750731845074895485e-05
3.100411422501251124e+00
-3.620020236368313646e-04
2.426357454539865679e-04
3.104662056581504181e+00
2.940470929881223888e-05
1.584929040050258523e-04
3.104657289693114386e+00
-6.057748811377862202e-04
3.967297795481893627e-04
3.108625510913255674e+00
-1.895989368025980293e-04
3.161620730565582933e-04
3.108580714556192781e+00
-2.341687130631424525e-04
3.389511185500998459e-04
3.108510511408909327e+00
-3.078302536369761531e-04
3.457553198590303744e-04
3.108433862949175008e+00
-3.430834013894278208e-04
3.230824293652531307e-04
3.108359103331025608e+00
